0.20625
0.23203125
0.2578125
0.28359375
0.30937499999999996
0.30937499999999996
0.36093749999999997
0.38671875
0.38671875
0.38671875
0.4125
0.43828124999999996
0.48984374999999997
0.48984374999999997
0.48984374999999997
0.515625
0.5671875
0.5671875
0.5929687499999999
0.6187499999999999
0.6187499999999999
0.64453125
0.64453125
0.69609375
0.69609375
0.7218749999999999
0.7218749999999999
0.7476562499999999
0.7734375
0.79921875
0.79921875
0.79921875
0.79921875
0.825
0.8507812499999999
0.90234375
0.90234375
0.90234375
0.928125
0.9796874999999999
0.9796874999999999
1.00546875
1.00546875
1.00546875
1.03125
1.0570312499999999
1.0570312499999999
1.10859375
1.10859375
1.134375
1.134375
1.134375
1.1859374999999999
1.1859374999999999
1.21171875
1.21171875
1.21171875
1.2374999999999998
1.2374999999999998
1.26328125
1.26328125
1.3148437499999999
1.3148437499999999
1.3148437499999999
1.340625
1.340625
1.3664062499999998
1.3921875
1.3921875
1.41796875
1.41796875
1.4437499999999999
1.4437499999999999
1.4437499999999999
1.46953125
1.46953125
1.4953124999999998
1.52109375
1.52109375
1.546875
1.546875
1.546875
1.546875
1.5726562499999999
1.5984375
1.5984375
1.5984375
1.6242187499999998
1.6242187499999998
1.6242187499999998
1.6242187499999998
1.65
1.65
1.67578125
1.7015624999999999
1.72734375
1.72734375
1.72734375
1.7531249999999998
1.77890625
1.8046875
1.8046875
1.8304687499999999
1.8304687499999999
1.8304687499999999
1.8304687499999999
1.85625
1.8820312499999998
1.8820312499999998
1.9078125
1.93359375
1.93359375
1.9593749999999999
1.9593749999999999
1.9593749999999999
1.9593749999999999
1.98515625
2.0109375
2.0109375
2.03671875
2.03671875
2.03671875
2.03671875
2.03671875
2.03671875
2.0625
2.08828125
2.08828125
2.1140624999999997
2.13984375
2.13984375
2.13984375
2.13984375
2.165625
2.165625
2.19140625
2.2171875
2.2171875
2.2171875
2.2429687499999997
2.2429687499999997
2.2429687499999997
2.2429687499999997
2.26875
2.26875
2.26875
2.26875
2.29453125
2.29453125
2.29453125
2.3203125
2.34609375
2.34609375
2.34609375
2.34609375
2.3718749999999997
2.3718749999999997
2.3718749999999997
2.3718749999999997
2.3718749999999997
2.3718749999999997
2.39765625
2.39765625
2.4234375
2.4234375
2.4234375
2.4234375
2.4234375
2.44921875
2.44921875
2.44921875
2.44921875
2.44921875
2.44921875
2.4749999999999996
2.4749999999999996
2.4749999999999996
2.4749999999999996
2.5007812499999997
2.5007812499999997
2.5007812499999997
2.5265625
2.5265625
2.55234375
2.55234375
2.55234375
2.55234375
2.55234375
2.55234375
2.55234375
2.55234375
2.578125
2.578125
2.578125
2.578125
2.578125
2.6039062499999996
2.6039062499999996
2.6039062499999996
2.6039062499999996
2.6296874999999997
2.6296874999999997
2.6296874999999997
2.6296874999999997
2.6296874999999997
2.6296874999999997
2.6296874999999997
2.6296874999999997
2.6296874999999997
2.6296874999999997
2.6296874999999997
2.6296874999999997
2.6296874999999997
2.65546875
2.6296874999999997
2.6296874999999997
2.6039062499999996
2.578125
2.578125
2.578125
2.55234375
2.55234375
2.55234375
2.55234375
2.55234375
2.5265625
2.5265625
2.5265625
2.5007812499999997
2.5007812499999997
2.5007812499999997
2.5007812499999997
2.5007812499999997
2.4749999999999996
